RIGHT_CHK[40959999]=      0.486604993999
RIGHT_ORI[40959999]=      0.486604993999
